Iteration	Trial	Iterations	Success
7	0	7	True
9	1	2	True
13	2	4	True
17	3	4	True
19	4	2	True
25	5	6	True
28	6	3	True
33	7	5	True
36	8	3	True
38	9	2	True
41	10	3	True
47	11	6	True
50	12	3	True
53	13	3	True
57	14	4	True
60	15	3	True
64	16	4	True
67	17	3	True
71	18	4	True
76	19	5	True
79	20	3	True
82	21	3	True
86	22	4	True
89	23	3	True
92	24	3	True
94	25	2	True
101	26	7	True
103	27	2	True
106	28	3	True
109	29	3	True
111	30	2	True
114	31	3	True
117	32	3	True
120	33	3	True
122	34	2	True
127	35	5	True
130	36	3	True
133	37	3	True
135	38	2	True
137	39	2	True
139	40	2	True
141	41	2	True
144	42	3	True
147	43	3	True
150	44	3	True
153	45	3	True
155	46	2	True
158	47	3	True
160	48	2	True
163	49	3	True
166	50	3	True
169	51	3	True
171	52	2	True
174	53	3	True
180	54	6	True
182	55	2	True
185	56	3	True
188	57	3	True
190	58	2	True
192	59	2	True
196	60	4	True
199	61	3	True
202	62	3	True
205	63	3	True
207	64	2	True
210	65	3	True
212	66	2	True
215	67	3	True
218	68	3	True
221	69	3	True
224	70	3	True
227	71	3	True
230	72	3	True
232	73	2	True
235	74	3	True
238	75	3	True
241	76	3	True
243	77	2	True
246	78	3	True
248	79	2	True
255	80	7	True
257	81	2	True
262	82	5	True
265	83	3	True
267	84	2	True
270	85	3	True
272	86	2	True
275	87	3	True
278	88	3	True
281	89	3	True
283	90	2	True
285	91	2	True
288	92	3	True
291	93	3	True
293	94	2	True
295	95	2	True
298	96	3	True
301	97	3	True
305	98	4	True
315	99	10	False
318	100	3	True
321	101	3	True
323	102	2	True
326	103	3	True
328	104	2	True
331	105	3	True
334	106	3	True
337	107	3	True
340	108	3	True
342	109	2	True
344	110	2	True
347	111	3	True
350	112	3	True
353	113	3	True
356	114	3	True
358	115	2	True
361	116	3	True
363	117	2	True
366	118	3	True
368	119	2	True
371	120	3	True
373	121	2	True
376	122	3	True
379	123	3	True
381	124	2	True
384	125	3	True
387	126	3	True
389	127	2	True
391	128	2	True
394	129	3	True
397	130	3	True
399	131	2	True
402	132	3	True
405	133	3	True
407	134	2	True
410	135	3	True
413	136	3	True
415	137	2	True
418	138	3	True
421	139	3	True
424	140	3	True
427	141	3	True
429	142	2	True
432	143	3	True
435	144	3	True
437	145	2	True
440	146	3	True
443	147	3	True
446	148	3	True
449	149	3	True
454	150	5	True
457	151	3	True
460	152	3	True
464	153	4	True
468	154	4	True
470	155	2	True
472	156	2	True
475	157	3	True
477	158	2	True
481	159	4	True
484	160	3	True
486	161	2	True
489	162	3	True
492	163	3	True
495	164	3	True
498	165	3	True
501	166	3	True
504	167	3	True
507	168	3	True
511	169	4	True
513	170	2	True
515	171	2	True
518	172	3	True
520	173	2	True
522	174	2	True
525	175	3	True
528	176	3	True
531	177	3	True
534	178	3	True
537	179	3	True
540	180	3	True
543	181	3	True
546	182	3	True
548	183	2	True
551	184	3	True
554	185	3	True
557	186	3	True
560	187	3	True
564	188	4	True
567	189	3	True
570	190	3	True
573	191	3	True
576	192	3	True
579	193	3	True
582	194	3	True
585	195	3	True
588	196	3	True
591	197	3	True
594	198	3	True
597	199	3	True
599	200	2	True
603	201	4	True
606	202	3	True
609	203	3	True
612	204	3	True
615	205	3	True
618	206	3	True
621	207	3	True
624	208	3	True
627	209	3	True
630	210	3	True
634	211	4	True
636	212	2	True
639	213	3	True
642	214	3	True
645	215	3	True
648	216	3	True
651	217	3	True
653	218	2	True
655	219	2	True
658	220	3	True
661	221	3	True
663	222	2	True
666	223	3	True
668	224	2	True
671	225	3	True
674	226	3	True
677	227	3	True
680	228	3	True
683	229	3	True
686	230	3	True
689	231	3	True
692	232	3	True
694	233	2	True
696	234	2	True
700	235	4	True
703	236	3	True
705	237	2	True
708	238	3	True
710	239	2	True
713	240	3	True
715	241	2	True
718	242	3	True
722	243	4	True
725	244	3	True
727	245	2	True
730	246	3	True
733	247	3	True
736	248	3	True
738	249	2	True
742	250	4	True
744	251	2	True
746	252	2	True
749	253	3	True
752	254	3	True
754	255	2	True
759	256	5	True
762	257	3	True
764	258	2	True
767	259	3	True
771	260	4	True
774	261	3	True
777	262	3	True
780	263	3	True
783	264	3	True
786	265	3	True
788	266	2	True
791	267	3	True
793	268	2	True
795	269	2	True
798	270	3	True
802	271	4	True
804	272	2	True
806	273	2	True
808	274	2	True
811	275	3	True
814	276	3	True
817	277	3	True
819	278	2	True
822	279	3	True
825	280	3	True
828	281	3	True
831	282	3	True
834	283	3	True
837	284	3	True
839	285	2	True
841	286	2	True
844	287	3	True
847	288	3	True
850	289	3	True
853	290	3	True
856	291	3	True
859	292	3	True
862	293	3	True
865	294	3	True
868	295	3	True
871	296	3	True
874	297	3	True
876	298	2	True
879	299	3	True
882	300	3	True
885	301	3	True
887	302	2	True
890	303	3	True
893	304	3	True
896	305	3	True
899	306	3	True
902	307	3	True
904	308	2	True
906	309	2	True
909	310	3	True
912	311	3	True
915	312	3	True
918	313	3	True
921	314	3	True
924	315	3	True
934	316	10	False
937	317	3	True
940	318	3	True
942	319	2	True
945	320	3	True
949	321	4	True
952	322	3	True
954	323	2	True
957	324	3	True
960	325	3	True
963	326	3	True
966	327	3	True
969	328	3	True
972	329	3	True
975	330	3	True
978	331	3	True
980	332	2	True
982	333	2	True
985	334	3	True
988	335	3	True
991	336	3	True
993	337	2	True
995	338	2	True
998	339	3	True
1001	340	3	True
1004	341	3	True
1006	342	2	True
1009	343	3	True
1012	344	3	True
1015	345	3	True
1018	346	3	True
1021	347	3	True
1024	348	3	True
1027	349	3	True
1030	350	3	True
1033	351	3	True
1036	352	3	True
1038	353	2	True
1040	354	2	True
1044	355	4	True
1047	356	3	True
1049	357	2	True
1052	358	3	True
1054	359	2	True
1057	360	3	True
1059	361	2	True
1062	362	3	True
1065	363	3	True
1067	364	2	True
1070	365	3	True
1073	366	3	True
1076	367	3	True
1079	368	3	True
1085	369	6	True
1087	370	2	True
1090	371	3	True
1093	372	3	True
1096	373	3	True
1099	374	3	True
1102	375	3	True
1105	376	3	True
1108	377	3	True
1110	378	2	True
1113	379	3	True
1116	380	3	True
1119	381	3	True
1121	382	2	True
1125	383	4	True
1128	384	3	True
1130	385	2	True
1133	386	3	True
1136	387	3	True
1139	388	3	True
1142	389	3	True
1145	390	3	True
1148	391	3	True
1151	392	3	True
1153	393	2	True
1156	394	3	True
1159	395	3	True
1162	396	3	True
1165	397	3	True
1167	398	2	True
1170	399	3	True
1172	400	2	True
1174	401	2	True
1177	402	3	True
1180	403	3	True
1183	404	3	True
1186	405	3	True
1189	406	3	True
1192	407	3	True
1195	408	3	True
1198	409	3	True
1201	410	3	True
1204	411	3	True
1207	412	3	True
1210	413	3	True
1213	414	3	True
1218	415	5	True
1220	416	2	True
1223	417	3	True
1226	418	3	True
1229	419	3	True
1232	420	3	True
1234	421	2	True
1236	422	2	True
1239	423	3	True
1241	424	2	True
1244	425	3	True
1247	426	3	True
1250	427	3	True
1253	428	3	True
1256	429	3	True
1260	430	4	True
1263	431	3	True
1265	432	2	True
1267	433	2	True
1270	434	3	True
1273	435	3	True
1276	436	3	True
1278	437	2	True
1280	438	2	True
1283	439	3	True
1286	440	3	True
1289	441	3	True
1292	442	3	True
1295	443	3	True
1298	444	3	True
1301	445	3	True
1304	446	3	True
1307	447	3	True
1310	448	3	True
1313	449	3	True
1316	450	3	True
1326	451	10	False
1330	452	4	True
1333	453	3	True
1336	454	3	True
1339	455	3	True
1341	456	2	True
1344	457	3	True
1347	458	3	True
1349	459	2	True
1351	460	2	True
1354	461	3	True
1356	462	2	True
1360	463	4	True
1363	464	3	True
1366	465	3	True
1369	466	3	True
1372	467	3	True
1375	468	3	True
1378	469	3	True
1380	470	2	True
1383	471	3	True
1386	472	3	True
1389	473	3	True
1392	474	3	True
1395	475	3	True
1399	476	4	True
1402	477	3	True
1405	478	3	True
1408	479	3	True
1411	480	3	True
1414	481	3	True
1417	482	3	True
1419	483	2	True
1422	484	3	True
1425	485	3	True
1428	486	3	True
1431	487	3	True
1434	488	3	True
1437	489	3	True
1440	490	3	True
1442	491	2	True
1445	492	3	True
1448	493	3	True
1450	494	2	True
1453	495	3	True
1456	496	3	True
1458	497	2	True
1461	498	3	True
1464	499	3	True
1467	500	3	True
1470	501	3	True
1472	502	2	True
1475	503	3	True
1477	504	2	True
1480	505	3	True
1483	506	3	True
1485	507	2	True
1488	508	3	True
1491	509	3	True
1494	510	3	True
1496	511	2	True
1499	512	3	True
1502	513	3	True
1505	514	3	True
1508	515	3	True
1511	516	3	True
1514	517	3	True
1517	518	3	True
1520	519	3	True
1522	520	2	True
1525	521	3	True
1528	522	3	True
1534	523	6	True
1537	524	3	True
1539	525	2	True
1543	526	4	True
1546	527	3	True
1549	528	3	True
1552	529	3	True
1554	530	2	True
1556	531	2	True
1559	532	3	True
1562	533	3	True
1565	534	3	True
1568	535	3	True
1570	536	2	True
1572	537	2	True
1575	538	3	True
1578	539	3	True
1581	540	3	True
1584	541	3	True
1587	542	3	True
1597	543	10	False
1600	544	3	True
1603	545	3	True
1605	546	2	True
1608	547	3	True
1611	548	3	True
1614	549	3	True
1617	550	3	True
1620	551	3	True
1623	552	3	True
1626	553	3	True
1629	554	3	True
1631	555	2	True
1634	556	3	True
1637	557	3	True
1641	558	4	True
1644	559	3	True
1647	560	3	True
1650	561	3	True
1652	562	2	True
1655	563	3	True
1657	564	2	True
1660	565	3	True
1663	566	3	True
1666	567	3	True
1669	568	3	True
1672	569	3	True
1675	570	3	True
1677	571	2	True
1680	572	3	True
1683	573	3	True
1686	574	3	True
1689	575	3	True
1692	576	3	True
1695	577	3	True
1698	578	3	True
1701	579	3	True
1704	580	3	True
1707	581	3	True
1710	582	3	True
1713	583	3	True
1715	584	2	True
1718	585	3	True
1720	586	2	True
1723	587	3	True
1726	588	3	True
1729	589	3	True
1732	590	3	True
1734	591	2	True
1736	592	2	True
1739	593	3	True
1742	594	3	True
1745	595	3	True
1748	596	3	True
1751	597	3	True
1754	598	3	True
1757	599	3	True
1760	600	3	True
1766	601	6	True
1769	602	3	True
1771	603	2	True
1774	604	3	True
1777	605	3	True
1780	606	3	True
1783	607	3	True
1786	608	3	True
1789	609	3	True
1799	610	10	False
1802	611	3	True
1805	612	3	True
1807	613	2	True
1810	614	3	True
1813	615	3	True
1815	616	2	True
1818	617	3	True
1821	618	3	True
1824	619	3	True
1827	620	3	True
1830	621	3	True
1833	622	3	True
1836	623	3	True
1839	624	3	True
1842	625	3	True
1845	626	3	True
1848	627	3	True
1850	628	2	True
1852	629	2	True
1855	630	3	True
1858	631	3	True
1861	632	3	True
1864	633	3	True
1867	634	3	True
1869	635	2	True
1872	636	3	True
1875	637	3	True
1878	638	3	True
1881	639	3	True
1884	640	3	True
1887	641	3	True
1890	642	3	True
1893	643	3	True
1896	644	3	True
1899	645	3	True
1902	646	3	True
1905	647	3	True
1908	648	3	True
1911	649	3	True
1914	650	3	True
1916	651	2	True
1918	652	2	True
1921	653	3	True
1924	654	3	True
1927	655	3	True
1929	656	2	True
1932	657	3	True
1935	658	3	True
1938	659	3	True
1941	660	3	True
1943	661	2	True
1945	662	2	True
1949	663	4	True
1951	664	2	True
1953	665	2	True
1955	666	2	True
1958	667	3	True
1961	668	3	True
1963	669	2	True
1966	670	3	True
1971	671	5	True
1973	672	2	True
1976	673	3	True
1979	674	3	True
1981	675	2	True
1987	676	6	True
1990	677	3	True
1993	678	3	True
1996	679	3	True
1999	680	3	True
