Iteration	Trial	Iterations	Success
8	0	8	True
12	1	4	True
14	2	2	True
18	3	4	True
20	4	2	True
23	5	3	True
26	6	3	True
29	7	3	True
31	8	2	True
34	9	3	True
37	10	3	True
39	11	2	True
42	12	3	True
44	13	2	True
48	14	4	True
53	15	5	True
57	16	4	True
60	17	3	True
67	18	7	True
69	19	2	True
72	20	3	True
75	21	3	True
79	22	4	True
82	23	3	True
85	24	3	True
87	25	2	True
89	26	2	True
91	27	2	True
94	28	3	True
97	29	3	True
100	30	3	True
103	31	3	True
106	32	3	True
109	33	3	True
112	34	3	True
115	35	3	True
117	36	2	True
123	37	6	True
127	38	4	True
130	39	3	True
132	40	2	True
135	41	3	True
137	42	2	True
140	43	3	True
143	44	3	True
146	45	3	True
149	46	3	True
152	47	3	True
155	48	3	True
160	49	5	True
163	50	3	True
165	51	2	True
170	52	5	True
173	53	3	True
176	54	3	True
183	55	7	True
185	56	2	True
188	57	3	True
191	58	3	True
193	59	2	True
196	60	3	True
199	61	3	True
202	62	3	True
204	63	2	True
207	64	3	True
210	65	3	True
212	66	2	True
215	67	3	True
218	68	3	True
221	69	3	True
224	70	3	True
227	71	3	True
233	72	6	True
235	73	2	True
238	74	3	True
241	75	3	True
244	76	3	True
248	77	4	True
251	78	3	True
253	79	2	True
256	80	3	True
260	81	4	True
262	82	2	True
265	83	3	True
270	84	5	True
273	85	3	True
276	86	3	True
279	87	3	True
282	88	3	True
284	89	2	True
289	90	5	True
292	91	3	True
300	92	8	True
303	93	3	True
306	94	3	True
309	95	3	True
311	96	2	True
314	97	3	True
320	98	6	True
323	99	3	True
326	100	3	True
329	101	3	True
331	102	2	True
333	103	2	True
336	104	3	True
339	105	3	True
342	106	3	True
346	107	4	True
349	108	3	True
352	109	3	True
355	110	3	True
358	111	3	True
361	112	3	True
363	113	2	True
366	114	3	True
369	115	3	True
372	116	3	True
375	117	3	True
378	118	3	True
381	119	3	True
384	120	3	True
387	121	3	True
390	122	3	True
393	123	3	True
397	124	4	True
400	125	3	True
403	126	3	True
405	127	2	True
408	128	3	True
411	129	3	True
414	130	3	True
416	131	2	True
419	132	3	True
421	133	2	True
424	134	3	True
427	135	3	True
430	136	3	True
433	137	3	True
436	138	3	True
439	139	3	True
442	140	3	True
445	141	3	True
447	142	2	True
450	143	3	True
453	144	3	True
456	145	3	True
458	146	2	True
461	147	3	True
463	148	2	True
465	149	2	True
467	150	2	True
470	151	3	True
473	152	3	True
476	153	3	True
479	154	3	True
483	155	4	True
485	156	2	True
488	157	3	True
490	158	2	True
492	159	2	True
495	160	3	True
498	161	3	True
501	162	3	True
503	163	2	True
506	164	3	True
509	165	3	True
512	166	3	True
515	167	3	True
518	168	3	True
521	169	3	True
524	170	3	True
534	171	10	False
537	172	3	True
540	173	3	True
543	174	3	True
546	175	3	True
548	176	2	True
552	177	4	True
555	178	3	True
557	179	2	True
560	180	3	True
563	181	3	True
566	182	3	True
569	183	3	True
572	184	3	True
574	185	2	True
577	186	3	True
580	187	3	True
582	188	2	True
585	189	3	True
588	190	3	True
591	191	3	True
594	192	3	True
597	193	3	True
600	194	3	True
602	195	2	True
604	196	2	True
607	197	3	True
610	198	3	True
612	199	2	True
615	200	3	True
617	201	2	True
619	202	2	True
621	203	2	True
624	204	3	True
627	205	3	True
630	206	3	True
633	207	3	True
635	208	2	True
639	209	4	True
642	210	3	True
645	211	3	True
648	212	3	True
651	213	3	True
654	214	3	True
657	215	3	True
660	216	3	True
663	217	3	True
666	218	3	True
671	219	5	True
673	220	2	True
676	221	3	True
679	222	3	True
682	223	3	True
684	224	2	True
690	225	6	True
693	226	3	True
695	227	2	True
698	228	3	True
701	229	3	True
703	230	2	True
706	231	3	True
708	232	2	True
711	233	3	True
714	234	3	True
717	235	3	True
720	236	3	True
723	237	3	True
725	238	2	True
728	239	3	True
730	240	2	True
733	241	3	True
736	242	3	True
738	243	2	True
741	244	3	True
744	245	3	True
747	246	3	True
750	247	3	True
752	248	2	True
755	249	3	True
758	250	3	True
761	251	3	True
764	252	3	True
767	253	3	True
770	254	3	True
773	255	3	True
776	256	3	True
779	257	3	True
782	258	3	True
784	259	2	True
787	260	3	True
790	261	3	True
793	262	3	True
796	263	3	True
798	264	2	True
800	265	2	True
803	266	3	True
805	267	2	True
808	268	3	True
811	269	3	True
814	270	3	True
817	271	3	True
819	272	2	True
822	273	3	True
825	274	3	True
827	275	2	True
829	276	2	True
833	277	4	True
836	278	3	True
839	279	3	True
842	280	3	True
845	281	3	True
847	282	2	True
850	283	3	True
853	284	3	True
855	285	2	True
858	286	3	True
861	287	3	True
865	288	4	True
868	289	3	True
871	290	3	True
873	291	2	True
876	292	3	True
879	293	3	True
882	294	3	True
885	295	3	True
888	296	3	True
891	297	3	True
893	298	2	True
895	299	2	True
898	300	3	True
901	301	3	True
904	302	3	True
907	303	3	True
910	304	3	True
913	305	3	True
917	306	4	True
920	307	3	True
923	308	3	True
926	309	3	True
929	310	3	True
932	311	3	True
935	312	3	True
938	313	3	True
941	314	3	True
944	315	3	True
947	316	3	True
949	317	2	True
952	318	3	True
955	319	3	True
958	320	3	True
961	321	3	True
964	322	3	True
967	323	3	True
970	324	3	True
972	325	2	True
975	326	3	True
977	327	2	True
980	328	3	True
984	329	4	True
987	330	3	True
990	331	3	True
992	332	2	True
995	333	3	True
998	334	3	True
1001	335	3	True
1003	336	2	True
1006	337	3	True
1009	338	3	True
1012	339	3	True
1014	340	2	True
1017	341	3	True
1020	342	3	True
1022	343	2	True
1025	344	3	True
1028	345	3	True
1031	346	3	True
1034	347	3	True
1036	348	2	True
1039	349	3	True
1042	350	3	True
1045	351	3	True
1048	352	3	True
1051	353	3	True
1054	354	3	True
1056	355	2	True
1058	356	2	True
1061	357	3	True
1064	358	3	True
1067	359	3	True
1070	360	3	True
1072	361	2	True
1074	362	2	True
1076	363	2	True
1079	364	3	True
1082	365	3	True
1085	366	3	True
1087	367	2	True
1090	368	3	True
1093	369	3	True
1096	370	3	True
1099	371	3	True
1102	372	3	True
1105	373	3	True
1107	374	2	True
1110	375	3	True
1113	376	3	True
1116	377	3	True
1119	378	3	True
1122	379	3	True
1125	380	3	True
1128	381	3	True
1131	382	3	True
1134	383	3	True
1136	384	2	True
1139	385	3	True
1142	386	3	True
1145	387	3	True
1147	388	2	True
1149	389	2	True
1152	390	3	True
1155	391	3	True
1158	392	3	True
1160	393	2	True
1163	394	3	True
1166	395	3	True
1169	396	3	True
1172	397	3	True
1175	398	3	True
1177	399	2	True
1180	400	3	True
1182	401	2	True
1185	402	3	True
1188	403	3	True
1191	404	3	True
1194	405	3	True
1196	406	2	True
1199	407	3	True
1202	408	3	True
1208	409	6	True
1211	410	3	True
1214	411	3	True
1217	412	3	True
1220	413	3	True
1223	414	3	True
1226	415	3	True
1229	416	3	True
1232	417	3	True
1235	418	3	True
1238	419	3	True
1241	420	3	True
1244	421	3	True
1247	422	3	True
1250	423	3	True
1252	424	2	True
1262	425	10	False
1264	426	2	True
1267	427	3	True
1270	428	3	True
1273	429	3	True
1276	430	3	True
1279	431	3	True
1282	432	3	True
1285	433	3	True
1288	434	3	True
1291	435	3	True
1294	436	3	True
1297	437	3	True
1300	438	3	True
1303	439	3	True
1306	440	3	True
1308	441	2	True
1311	442	3	True
1314	443	3	True
1317	444	3	True
1320	445	3	True
1323	446	3	True
1326	447	3	True
1329	448	3	True
1332	449	3	True
1335	450	3	True
1338	451	3	True
1340	452	2	True
1343	453	3	True
1345	454	2	True
1348	455	3	True
1351	456	3	True
1353	457	2	True
1356	458	3	True
1358	459	2	True
1361	460	3	True
1364	461	3	True
1366	462	2	True
1369	463	3	True
1372	464	3	True
1375	465	3	True
1378	466	3	True
1381	467	3	True
1384	468	3	True
1387	469	3	True
1389	470	2	True
1392	471	3	True
1395	472	3	True
1398	473	3	True
1405	474	7	True
1408	475	3	True
1411	476	3	True
1414	477	3	True
1417	478	3	True
1420	479	3	True
1422	480	2	True
1425	481	3	True
1428	482	3	True
1430	483	2	True
1440	484	10	False
1442	485	2	True
1444	486	2	True
1447	487	3	True
1450	488	3	True
1453	489	3	True
1457	490	4	True
1459	491	2	True
1463	492	4	True
1466	493	3	True
1469	494	3	True
1471	495	2	True
1474	496	3	True
1477	497	3	True
1481	498	4	True
1484	499	3	True
1487	500	3	True
1489	501	2	True
1491	502	2	True
1494	503	3	True
1497	504	3	True
1499	505	2	True
1502	506	3	True
1504	507	2	True
1507	508	3	True
1510	509	3	True
1512	510	2	True
1514	511	2	True
1517	512	3	True
1520	513	3	True
1523	514	3	True
1526	515	3	True
1529	516	3	True
1531	517	2	True
1533	518	2	True
1535	519	2	True
1538	520	3	True
1541	521	3	True
1544	522	3	True
1546	523	2	True
1549	524	3	True
1552	525	3	True
1555	526	3	True
1558	527	3	True
1561	528	3	True
1564	529	3	True
1567	530	3	True
1570	531	3	True
1573	532	3	True
1575	533	2	True
1578	534	3	True
1582	535	4	True
1585	536	3	True
1588	537	3	True
1591	538	3	True
1594	539	3	True
1597	540	3	True
1600	541	3	True
1603	542	3	True
1606	543	3	True
1609	544	3	True
1612	545	3	True
1614	546	2	True
1617	547	3	True
1620	548	3	True
1623	549	3	True
1626	550	3	True
1630	551	4	True
1633	552	3	True
1636	553	3	True
1638	554	2	True
1641	555	3	True
1644	556	3	True
1647	557	3	True
1650	558	3	True
1652	559	2	True
1654	560	2	True
1657	561	3	True
1660	562	3	True
1662	563	2	True
1665	564	3	True
1668	565	3	True
1671	566	3	True
1674	567	3	True
1677	568	3	True
1679	569	2	True
1682	570	3	True
1685	571	3	True
1688	572	3	True
1691	573	3	True
1693	574	2	True
1696	575	3	True
1699	576	3	True
1702	577	3	True
1705	578	3	True
1708	579	3	True
1711	580	3	True
1714	581	3	True
1717	582	3	True
1720	583	3	True
1723	584	3	True
1725	585	2	True
1728	586	3	True
1731	587	3	True
1734	588	3	True
1736	589	2	True
1739	590	3	True
1742	591	3	True
1744	592	2	True
1747	593	3	True
1750	594	3	True
1753	595	3	True
1756	596	3	True
1758	597	2	True
1762	598	4	True
1765	599	3	True
1767	600	2	True
1770	601	3	True
1773	602	3	True
1776	603	3	True
1778	604	2	True
1781	605	3	True
1784	606	3	True
1786	607	2	True
1789	608	3	True
1792	609	3	True
1795	610	3	True
1798	611	3	True
1801	612	3	True
1803	613	2	True
1806	614	3	True
1809	615	3	True
1812	616	3	True
1814	617	2	True
1824	618	10	False
1827	619	3	True
1829	620	2	True
1832	621	3	True
1835	622	3	True
1838	623	3	True
1841	624	3	True
1844	625	3	True
1847	626	3	True
1850	627	3	True
1852	628	2	True
1854	629	2	True
1857	630	3	True
1860	631	3	True
1863	632	3	True
1866	633	3	True
1871	634	5	True
1874	635	3	True
1877	636	3	True
1880	637	3	True
1883	638	3	True
1885	639	2	True
1888	640	3	True
1891	641	3	True
1894	642	3	True
1896	643	2	True
1898	644	2	True
1901	645	3	True
1904	646	3	True
1907	647	3	True
1910	648	3	True
1912	649	2	True
1915	650	3	True
1918	651	3	True
1921	652	3	True
1924	653	3	True
1927	654	3	True
1929	655	2	True
1932	656	3	True
1935	657	3	True
1938	658	3	True
1940	659	2	True
1942	660	2	True
1944	661	2	True
1947	662	3	True
1950	663	3	True
1953	664	3	True
1956	665	3	True
1959	666	3	True
1962	667	3	True
1967	668	5	True
1970	669	3	True
1973	670	3	True
1976	671	3	True
1979	672	3	True
1982	673	3	True
1985	674	3	True
1988	675	3	True
1990	676	2	True
1993	677	3	True
1995	678	2	True
1998	679	3	True
