Iteration	Trial	Iterations	Success
10	0	10	True
12	1	2	True
20	2	8	True
24	3	4	True
27	4	3	True
30	5	3	True
33	6	3	True
36	7	3	True
39	8	3	True
44	9	5	True
47	10	3	True
49	11	2	True
52	12	3	True
57	13	5	True
60	14	3	True
64	15	4	True
69	16	5	True
73	17	4	True
77	18	4	True
80	19	3	True
85	20	5	True
88	21	3	True
90	22	2	True
95	23	5	True
98	24	3	True
101	25	3	True
105	26	4	True
108	27	3	True
114	28	6	True
118	29	4	True
121	30	3	True
124	31	3	True
127	32	3	True
131	33	4	True
139	34	8	True
142	35	3	True
145	36	3	True
151	37	6	True
156	38	5	True
160	39	4	True
162	40	2	True
165	41	3	True
169	42	4	True
172	43	3	True
175	44	3	True
179	45	4	True
182	46	3	True
185	47	3	True
187	48	2	True
190	49	3	True
193	50	3	True
196	51	3	True
199	52	3	True
202	53	3	True
204	54	2	True
207	55	3	True
212	56	5	True
215	57	3	True
218	58	3	True
221	59	3	True
224	60	3	True
227	61	3	True
230	62	3	True
235	63	5	True
238	64	3	True
241	65	3	True
244	66	3	True
247	67	3	True
250	68	3	True
253	69	3	True
256	70	3	True
259	71	3	True
261	72	2	True
265	73	4	True
268	74	3	True
271	75	3	True
274	76	3	True
278	77	4	True
281	78	3	True
286	79	5	True
289	80	3	True
296	81	7	True
298	82	2	True
301	83	3	True
304	84	3	True
307	85	3	True
310	86	3	True
313	87	3	True
316	88	3	True
318	89	2	True
322	90	4	True
325	91	3	True
328	92	3	True
331	93	3	True
334	94	3	True
338	95	4	True
342	96	4	True
346	97	4	True
349	98	3	True
352	99	3	True
354	100	2	True
358	101	4	True
363	102	5	True
368	103	5	True
372	104	4	True
375	105	3	True
381	106	6	True
384	107	3	True
389	108	5	True
392	109	3	True
395	110	3	True
399	111	4	True
402	112	3	True
405	113	3	True
408	114	3	True
411	115	3	True
414	116	3	True
417	117	3	True
420	118	3	True
423	119	3	True
427	120	4	True
429	121	2	True
432	122	3	True
440	123	8	True
444	124	4	True
446	125	2	True
448	126	2	True
451	127	3	True
454	128	3	True
457	129	3	True
460	130	3	True
463	131	3	True
465	132	2	True
469	133	4	True
472	134	3	True
476	135	4	True
478	136	2	True
483	137	5	True
485	138	2	True
487	139	2	True
490	140	3	True
493	141	3	True
496	142	3	True
501	143	5	True
504	144	3	True
507	145	3	True
510	146	3	True
513	147	3	True
516	148	3	True
523	149	7	True
529	150	6	True
532	151	3	True
536	152	4	True
539	153	3	True
542	154	3	True
545	155	3	True
549	156	4	True
553	157	4	True
556	158	3	True
558	159	2	True
561	160	3	True
565	161	4	True
571	162	6	True
574	163	3	True
578	164	4	True
580	165	2	True
585	166	5	True
588	167	3	True
593	168	5	True
596	169	3	True
599	170	3	True
604	171	5	True
607	172	3	True
610	173	3	True
612	174	2	True
614	175	2	True
616	176	2	True
619	177	3	True
624	178	5	True
627	179	3	True
630	180	3	True
633	181	3	True
636	182	3	True
639	183	3	True
642	184	3	True
648	185	6	True
651	186	3	True
654	187	3	True
659	188	5	True
663	189	4	True
667	190	4	True
670	191	3	True
676	192	6	True
681	193	5	True
683	194	2	True
687	195	4	True
690	196	3	True
694	197	4	True
697	198	3	True
699	199	2	True
703	200	4	True
706	201	3	True
708	202	2	True
715	203	7	True
719	204	4	True
724	205	5	True
726	206	2	True
729	207	3	True
735	208	6	True
738	209	3	True
743	210	5	True
746	211	3	True
752	212	6	True
754	213	2	True
757	214	3	True
760	215	3	True
762	216	2	True
768	217	6	True
773	218	5	True
776	219	3	True
782	220	6	True
784	221	2	True
786	222	2	True
788	223	2	True
790	224	2	True
793	225	3	True
798	226	5	True
801	227	3	True
805	228	4	True
808	229	3	True
811	230	3	True
814	231	3	True
816	232	2	True
819	233	3	True
822	234	3	True
827	235	5	True
831	236	4	True
834	237	3	True
837	238	3	True
840	239	3	True
843	240	3	True
847	241	4	True
849	242	2	True
852	243	3	True
856	244	4	True
861	245	5	True
864	246	3	True
867	247	3	True
869	248	2	True
871	249	2	True
873	250	2	True
877	251	4	True
880	252	3	True
883	253	3	True
886	254	3	True
889	255	3	True
894	256	5	True
896	257	2	True
901	258	5	True
904	259	3	True
907	260	3	True
914	261	7	True
916	262	2	True
919	263	3	True
922	264	3	True
925	265	3	True
928	266	3	True
933	267	5	True
938	268	5	True
942	269	4	True
944	270	2	True
950	271	6	True
953	272	3	True
956	273	3	True
959	274	3	True
961	275	2	True
967	276	6	True
970	277	3	True
974	278	4	True
981	279	7	True
985	280	4	True
988	281	3	True
990	282	2	True
993	283	3	True
999	284	6	True
1002	285	3	True
1005	286	3	True
1009	287	4	True
1012	288	3	True
1015	289	3	True
1019	290	4	True
1022	291	3	True
1025	292	3	True
1031	293	6	True
1034	294	3	True
1036	295	2	True
1040	296	4	True
1043	297	3	True
1046	298	3	True
1049	299	3	True
1053	300	4	True
1056	301	3	True
1062	302	6	True
1065	303	3	True
1068	304	3	True
1073	305	5	True
1076	306	3	True
1079	307	3	True
1086	308	7	True
1089	309	3	True
1092	310	3	True
1095	311	3	True
1100	312	5	True
1103	313	3	True
1106	314	3	True
1109	315	3	True
1113	316	4	True
1119	317	6	True
1122	318	3	True
1126	319	4	True
1130	320	4	True
1133	321	3	True
1136	322	3	True
1139	323	3	True
1142	324	3	True
1145	325	3	True
1149	326	4	True
1152	327	3	True
1155	328	3	True
1158	329	3	True
1162	330	4	True
1164	331	2	True
1167	332	3	True
1169	333	2	True
1172	334	3	True
1174	335	2	True
1177	336	3	True
1180	337	3	True
1183	338	3	True
1186	339	3	True
1189	340	3	True
1195	341	6	True
1198	342	3	True
1202	343	4	True
1205	344	3	True
1212	345	7	True
1215	346	3	True
1218	347	3	True
1221	348	3	True
1223	349	2	True
1225	350	2	True
1228	351	3	True
1233	352	5	True
1237	353	4	True
1241	354	4	True
1246	355	5	True
1249	356	3	True
1252	357	3	True
1255	358	3	True
1261	359	6	True
1264	360	3	True
1267	361	3	True
1273	362	6	True
1276	363	3	True
1278	364	2	True
1281	365	3	True
1284	366	3	True
1287	367	3	True
1290	368	3	True
1293	369	3	True
1297	370	4	True
1300	371	3	True
1304	372	4	True
1307	373	3	True
1311	374	4	True
1313	375	2	True
1316	376	3	True
1321	377	5	True
1326	378	5	True
1328	379	2	True
1331	380	3	True
1334	381	3	True
1336	382	2	True
1342	383	6	True
1347	384	5	True
1351	385	4	True
1356	386	5	True
1359	387	3	True
1363	388	4	True
1369	389	6	True
1373	390	4	True
1376	391	3	True
1378	392	2	True
1380	393	2	True
1383	394	3	True
1387	395	4	True
1389	396	2	True
1393	397	4	True
1396	398	3	True
1401	399	5	True
1403	400	2	True
1407	401	4	True
1410	402	3	True
1416	403	6	True
1419	404	3	True
1421	405	2	True
1423	406	2	True
1427	407	4	True
1433	408	6	True
1436	409	3	True
1439	410	3	True
1442	411	3	True
1445	412	3	True
1448	413	3	True
1451	414	3	True
1454	415	3	True
1457	416	3	True
1463	417	6	True
1466	418	3	True
1469	419	3	True
1471	420	2	True
1477	421	6	True
1479	422	2	True
1482	423	3	True
1485	424	3	True
1487	425	2	True
1491	426	4	True
1497	427	6	True
1499	428	2	True
1502	429	3	True
1505	430	3	True
1510	431	5	True
1513	432	3	True
1516	433	3	True
1520	434	4	True
1523	435	3	True
1525	436	2	True
1535	437	10	False
1538	438	3	True
1541	439	3	True
1544	440	3	True
1550	441	6	True
1553	442	3	True
1556	443	3	True
1561	444	5	True
1567	445	6	True
1569	446	2	True
1573	447	4	True
1577	448	4	True
1580	449	3	True
1584	450	4	True
1587	451	3	True
1589	452	2	True
1595	453	6	True
1599	454	4	True
1602	455	3	True
1604	456	2	True
1607	457	3	True
1610	458	3	True
1613	459	3	True
1615	460	2	True
1618	461	3	True
1621	462	3	True
1624	463	3	True
1626	464	2	True
1629	465	3	True
1632	466	3	True
1634	467	2	True
1637	468	3	True
1641	469	4	True
1644	470	3	True
1647	471	3	True
1650	472	3	True
1656	473	6	True
1659	474	3	True
1665	475	6	True
1668	476	3	True
1671	477	3	True
1674	478	3	True
1677	479	3	True
1680	480	3	True
1684	481	4	True
1687	482	3	True
1689	483	2	True
1695	484	6	True
1698	485	3	True
1701	486	3	True
1704	487	3	True
1707	488	3	True
1710	489	3	True
1713	490	3	True
1716	491	3	True
1719	492	3	True
1721	493	2	True
1723	494	2	True
1730	495	7	True
1733	496	3	True
1737	497	4	True
1740	498	3	True
1743	499	3	True
1746	500	3	True
1749	501	3	True
1752	502	3	True
1755	503	3	True
1759	504	4	True
1762	505	3	True
1767	506	5	True
1769	507	2	True
1772	508	3	True
1774	509	2	True
1780	510	6	True
1783	511	3	True
1786	512	3	True
1789	513	3	True
1792	514	3	True
1794	515	2	True
1799	516	5	True
1802	517	3	True
1805	518	3	True
1808	519	3	True
1811	520	3	True
1814	521	3	True
1819	522	5	True
1822	523	3	True
1824	524	2	True
1827	525	3	True
1837	526	10	True
1839	527	2	True
1844	528	5	True
1847	529	3	True
1850	530	3	True
1853	531	3	True
1857	532	4	True
1859	533	2	True
1866	534	7	True
1871	535	5	True
1876	536	5	True
1879	537	3	True
1882	538	3	True
1887	539	5	True
1890	540	3	True
1894	541	4	True
1897	542	3	True
1903	543	6	True
1905	544	2	True
1907	545	2	True
1912	546	5	True
1915	547	3	True
1919	548	4	True
1925	549	6	True
1927	550	2	True
1929	551	2	True
1931	552	2	True
1934	553	3	True
1939	554	5	True
1942	555	3	True
1945	556	3	True
1951	557	6	True
1953	558	2	True
1959	559	6	True
1961	560	2	True
1963	561	2	True
1973	562	10	False
1977	563	4	True
1979	564	2	True
1982	565	3	True
1987	566	5	True
1992	567	5	True
1994	568	2	True
2000	569	6	True
