Iteration	Trial	Iterations	Success
10	0	10	False
15	1	5	True
18	2	3	True
20	3	2	True
22	4	2	True
25	5	3	True
28	6	3	True
30	7	2	True
32	8	2	True
35	9	3	True
40	10	5	True
42	11	2	True
47	12	5	True
49	13	2	True
52	14	3	True
54	15	2	True
56	16	2	True
58	17	2	True
61	18	3	True
64	19	3	True
67	20	3	True
70	21	3	True
77	22	7	True
79	23	2	True
83	24	4	True
86	25	3	True
93	26	7	True
96	27	3	True
99	28	3	True
102	29	3	True
105	30	3	True
109	31	4	True
112	32	3	True
114	33	2	True
116	34	2	True
118	35	2	True
121	36	3	True
123	37	2	True
126	38	3	True
129	39	3	True
131	40	2	True
133	41	2	True
138	42	5	True
141	43	3	True
144	44	3	True
147	45	3	True
149	46	2	True
152	47	3	True
155	48	3	True
158	49	3	True
161	50	3	True
164	51	3	True
166	52	2	True
169	53	3	True
172	54	3	True
174	55	2	True
180	56	6	True
183	57	3	True
186	58	3	True
189	59	3	True
192	60	3	True
195	61	3	True
197	62	2	True
200	63	3	True
203	64	3	True
210	65	7	True
212	66	2	True
215	67	3	True
218	68	3	True
221	69	3	True
223	70	2	True
225	71	2	True
229	72	4	True
231	73	2	True
233	74	2	True
236	75	3	True
238	76	2	True
240	77	2	True
243	78	3	True
245	79	2	True
248	80	3	True
250	81	2	True
253	82	3	True
257	83	4	True
260	84	3	True
262	85	2	True
266	86	4	True
269	87	3	True
275	88	6	True
278	89	3	True
281	90	3	True
283	91	2	True
288	92	5	True
291	93	3	True
294	94	3	True
297	95	3	True
301	96	4	True
303	97	2	True
305	98	2	True
307	99	2	True
309	100	2	True
312	101	3	True
317	102	5	True
320	103	3	True
323	104	3	True
327	105	4	True
330	106	3	True
336	107	6	True
338	108	2	True
341	109	3	True
344	110	3	True
347	111	3	True
350	112	3	True
352	113	2	True
355	114	3	True
358	115	3	True
361	116	3	True
364	117	3	True
367	118	3	True
370	119	3	True
372	120	2	True
375	121	3	True
377	122	2	True
380	123	3	True
383	124	3	True
386	125	3	True
389	126	3	True
392	127	3	True
396	128	4	True
399	129	3	True
406	130	7	True
409	131	3	True
412	132	3	True
414	133	2	True
417	134	3	True
420	135	3	True
423	136	3	True
426	137	3	True
429	138	3	True
432	139	3	True
434	140	2	True
438	141	4	True
441	142	3	True
444	143	3	True
447	144	3	True
449	145	2	True
452	146	3	True
454	147	2	True
457	148	3	True
459	149	2	True
462	150	3	True
465	151	3	True
468	152	3	True
471	153	3	True
474	154	3	True
477	155	3	True
479	156	2	True
482	157	3	True
484	158	2	True
486	159	2	True
489	160	3	True
492	161	3	True
495	162	3	True
498	163	3	True
501	164	3	True
504	165	3	True
506	166	2	True
509	167	3	True
515	168	6	True
519	169	4	True
522	170	3	True
524	171	2	True
527	172	3	True
529	173	2	True
534	174	5	True
536	175	2	True
539	176	3	True
542	177	3	True
546	178	4	True
549	179	3	True
559	180	10	False
562	181	3	True
565	182	3	True
568	183	3	True
570	184	2	True
573	185	3	True
576	186	3	True
579	187	3	True
582	188	3	True
585	189	3	True
589	190	4	True
592	191	3	True
595	192	3	True
598	193	3	True
601	194	3	True
603	195	2	True
606	196	3	True
609	197	3	True
611	198	2	True
614	199	3	True
617	200	3	True
620	201	3	True
623	202	3	True
626	203	3	True
628	204	2	True
631	205	3	True
634	206	3	True
637	207	3	True
640	208	3	True
643	209	3	True
646	210	3	True
649	211	3	True
652	212	3	True
654	213	2	True
657	214	3	True
660	215	3	True
663	216	3	True
666	217	3	True
669	218	3	True
672	219	3	True
676	220	4	True
680	221	4	True
683	222	3	True
687	223	4	True
690	224	3	True
693	225	3	True
696	226	3	True
698	227	2	True
701	228	3	True
704	229	3	True
706	230	2	True
709	231	3	True
712	232	3	True
715	233	3	True
718	234	3	True
722	235	4	True
726	236	4	True
729	237	3	True
732	238	3	True
735	239	3	True
737	240	2	True
739	241	2	True
742	242	3	True
745	243	3	True
748	244	3	True
751	245	3	True
754	246	3	True
757	247	3	True
760	248	3	True
763	249	3	True
766	250	3	True
768	251	2	True
771	252	3	True
773	253	2	True
776	254	3	True
779	255	3	True
782	256	3	True
785	257	3	True
788	258	3	True
790	259	2	True
793	260	3	True
796	261	3	True
801	262	5	True
804	263	3	True
808	264	4	True
811	265	3	True
813	266	2	True
816	267	3	True
819	268	3	True
822	269	3	True
825	270	3	True
827	271	2	True
830	272	3	True
832	273	2	True
835	274	3	True
838	275	3	True
841	276	3	True
844	277	3	True
847	278	3	True
849	279	2	True
852	280	3	True
855	281	3	True
858	282	3	True
860	283	2	True
862	284	2	True
865	285	3	True
868	286	3	True
871	287	3	True
875	288	4	True
879	289	4	True
882	290	3	True
884	291	2	True
887	292	3	True
889	293	2	True
891	294	2	True
894	295	3	True
897	296	3	True
900	297	3	True
903	298	3	True
906	299	3	True
909	300	3	True
912	301	3	True
915	302	3	True
917	303	2	True
920	304	3	True
923	305	3	True
926	306	3	True
930	307	4	True
933	308	3	True
936	309	3	True
938	310	2	True
941	311	3	True
944	312	3	True
947	313	3	True
950	314	3	True
953	315	3	True
956	316	3	True
959	317	3	True
962	318	3	True
965	319	3	True
968	320	3	True
971	321	3	True
974	322	3	True
977	323	3	True
980	324	3	True
982	325	2	True
985	326	3	True
988	327	3	True
991	328	3	True
994	329	3	True
996	330	2	True
999	331	3	True
1002	332	3	True
1005	333	3	True
1008	334	3	True
1011	335	3	True
1013	336	2	True
1018	337	5	True
1021	338	3	True
1024	339	3	True
1027	340	3	True
1030	341	3	True
1033	342	3	True
1036	343	3	True
1039	344	3	True
1042	345	3	True
1044	346	2	True
1046	347	2	True
1049	348	3	True
1052	349	3	True
1055	350	3	True
1058	351	3	True
1061	352	3	True
1064	353	3	True
1067	354	3	True
1070	355	3	True
1073	356	3	True
1075	357	2	True
1077	358	2	True
1079	359	2	True
1082	360	3	True
1084	361	2	True
1086	362	2	True
1089	363	3	True
1091	364	2	True
1093	365	2	True
1096	366	3	True
1099	367	3	True
1102	368	3	True
1105	369	3	True
1108	370	3	True
1111	371	3	True
1114	372	3	True
1117	373	3	True
1119	374	2	True
1121	375	2	True
1123	376	2	True
1125	377	2	True
1128	378	3	True
1131	379	3	True
1134	380	3	True
1137	381	3	True
1140	382	3	True
1142	383	2	True
1145	384	3	True
1148	385	3	True
1151	386	3	True
1154	387	3	True
1157	388	3	True
1160	389	3	True
1163	390	3	True
1166	391	3	True
1169	392	3	True
1179	393	10	False
1182	394	3	True
1185	395	3	True
1187	396	2	True
1190	397	3	True
1193	398	3	True
1196	399	3	True
1198	400	2	True
1201	401	3	True
1204	402	3	True
1207	403	3	True
1210	404	3	True
1213	405	3	True
1215	406	2	True
1217	407	2	True
1220	408	3	True
1223	409	3	True
1225	410	2	True
1228	411	3	True
1233	412	5	True
1235	413	2	True
1238	414	3	True
1241	415	3	True
1244	416	3	True
1246	417	2	True
1248	418	2	True
1251	419	3	True
1253	420	2	True
1256	421	3	True
1258	422	2	True
1261	423	3	True
1264	424	3	True
1266	425	2	True
1269	426	3	True
1272	427	3	True
1274	428	2	True
1277	429	3	True
1280	430	3	True
1283	431	3	True
1293	432	10	False
1295	433	2	True
1297	434	2	True
1300	435	3	True
1303	436	3	True
1306	437	3	True
1309	438	3	True
1311	439	2	True
1314	440	3	True
1317	441	3	True
1320	442	3	True
1323	443	3	True
1326	444	3	True
1330	445	4	True
1333	446	3	True
1336	447	3	True
1338	448	2	True
1341	449	3	True
1344	450	3	True
1347	451	3	True
1350	452	3	True
1353	453	3	True
1355	454	2	True
1358	455	3	True
1361	456	3	True
1364	457	3	True
1367	458	3	True
1370	459	3	True
1373	460	3	True
1375	461	2	True
1378	462	3	True
1381	463	3	True
1384	464	3	True
1387	465	3	True
1390	466	3	True
1393	467	3	True
1395	468	2	True
1398	469	3	True
1401	470	3	True
1404	471	3	True
1407	472	3	True
1410	473	3	True
1413	474	3	True
1416	475	3	True
1418	476	2	True
1421	477	3	True
1423	478	2	True
1426	479	3	True
1429	480	3	True
1432	481	3	True
1435	482	3	True
1438	483	3	True
1441	484	3	True
1444	485	3	True
1447	486	3	True
1449	487	2	True
1452	488	3	True
1455	489	3	True
1457	490	2	True
1460	491	3	True
1462	492	2	True
1465	493	3	True
1468	494	3	True
1471	495	3	True
1474	496	3	True
1476	497	2	True
1479	498	3	True
1482	499	3	True
1484	500	2	True
1487	501	3	True
1490	502	3	True
1493	503	3	True
1496	504	3	True
1499	505	3	True
1502	506	3	True
1505	507	3	True
1508	508	3	True
1510	509	2	True
1512	510	2	True
1515	511	3	True
1518	512	3	True
1521	513	3	True
1524	514	3	True
1528	515	4	True
1531	516	3	True
1534	517	3	True
1537	518	3	True
1539	519	2	True
1542	520	3	True
1544	521	2	True
1546	522	2	True
1548	523	2	True
1551	524	3	True
1554	525	3	True
1557	526	3	True
1559	527	2	True
1561	528	2	True
1563	529	2	True
1566	530	3	True
1569	531	3	True
1572	532	3	True
1575	533	3	True
1578	534	3	True
1580	535	2	True
1583	536	3	True
1586	537	3	True
1588	538	2	True
1591	539	3	True
1594	540	3	True
1597	541	3	True
1599	542	2	True
1601	543	2	True
1603	544	2	True
1606	545	3	True
1608	546	2	True
1611	547	3	True
1614	548	3	True
1616	549	2	True
1619	550	3	True
1622	551	3	True
1625	552	3	True
1628	553	3	True
1631	554	3	True
1633	555	2	True
1635	556	2	True
1638	557	3	True
1641	558	3	True
1644	559	3	True
1646	560	2	True
1649	561	3	True
1652	562	3	True
1655	563	3	True
1658	564	3	True
1661	565	3	True
1664	566	3	True
1667	567	3	True
1670	568	3	True
1672	569	2	True
1675	570	3	True
1677	571	2	True
1680	572	3	True
1682	573	2	True
1685	574	3	True
1687	575	2	True
1689	576	2	True
1692	577	3	True
1695	578	3	True
1698	579	3	True
1701	580	3	True
1704	581	3	True
1707	582	3	True
1710	583	3	True
1713	584	3	True
1715	585	2	True
1718	586	3	True
1720	587	2	True
1723	588	3	True
1726	589	3	True
1729	590	3	True
1732	591	3	True
1735	592	3	True
1738	593	3	True
1741	594	3	True
1744	595	3	True
1747	596	3	True
1750	597	3	True
1753	598	3	True
1756	599	3	True
1759	600	3	True
1762	601	3	True
1765	602	3	True
1767	603	2	True
1770	604	3	True
1773	605	3	True
1776	606	3	True
1779	607	3	True
1782	608	3	True
1785	609	3	True
1788	610	3	True
1791	611	3	True
1793	612	2	True
1796	613	3	True
1798	614	2	True
1801	615	3	True
1804	616	3	True
1807	617	3	True
1810	618	3	True
1813	619	3	True
1816	620	3	True
1819	621	3	True
1822	622	3	True
1825	623	3	True
1827	624	2	True
1830	625	3	True
1833	626	3	True
1836	627	3	True
1838	628	2	True
1841	629	3	True
1844	630	3	True
1847	631	3	True
1849	632	2	True
1851	633	2	True
1854	634	3	True
1857	635	3	True
1859	636	2	True
1862	637	3	True
1864	638	2	True
1867	639	3	True
1870	640	3	True
1873	641	3	True
1876	642	3	True
1878	643	2	True
1881	644	3	True
1884	645	3	True
1888	646	4	True
1891	647	3	True
1894	648	3	True
1897	649	3	True
1899	650	2	True
1903	651	4	True
1906	652	3	True
1909	653	3	True
1911	654	2	True
1914	655	3	True
1917	656	3	True
1920	657	3	True
1923	658	3	True
1925	659	2	True
1928	660	3	True
1931	661	3	True
1934	662	3	True
1936	663	2	True
1939	664	3	True
1942	665	3	True
1945	666	3	True
1947	667	2	True
1950	668	3	True
1952	669	2	True
1955	670	3	True
1958	671	3	True
1961	672	3	True
1964	673	3	True
1966	674	2	True
1969	675	3	True
1972	676	3	True
1975	677	3	True
1978	678	3	True
1980	679	2	True
1983	680	3	True
1986	681	3	True
1989	682	3	True
1992	683	3	True
1995	684	3	True
1998	685	3	True
